4 Nodes
balancing 4 nodes threshold .08 (4 until converged)
4, 84.1387779713,  87.4105319977,  95.633769989,  134.182747126,
4, 85.0468950272,  88.6204240322,  90.7523748875,  130.01766181,
4, 88.065871954,  93.6612739563,  108.023910999,  108.551136971,  
4, 94.6116518974,  97.3939800262,  102.205801964,  103.652570009, 


balancing 4 nodes threshold .06 (3 until converged
4, 89.7631719112,  90.7134859562,  96.0577979088,  125.247197866,  [*] transfering network_capture.pcap-chunk12 from 192.168.2.110 to 192.168.2.113
4, 92.0917479992,  94.3174748421,  100.927627802,  112.971444845,  [*] transfering network_capture.pcap-chunk22 from 192.168.2.113 to 192.168.2.112
4, 94.4091022015,  100.010493994,  100.256778955,  103.462033987,  No need to continue balancing
4, 94.1789109707,  99.7869510651,  101.093900919,  103.013921976,  No need to continue balancing
4, 93.54500103,  99.3411071301,  100.876725912,  102.217993021,  No need to continue balancing

balancing 4 nodes threshold .04 no convergence
4, 87.2608349323,  89.4531848431,  95.4901509285,  123.351922035,  
4, 87.8410170078,  94.4348130226,  104.126727819,  110.273540974,  
4, 74.4883840084,  91.6831409931,  103.16982317,  121.210084915,  
4, 79.1454629898,  89.1363060474,  108.218352079,  116.832107067,  
4, 94.7857480049,  102.161015034,  102.887991905,  106.773576021,  


balancing 4 nodes threshold .02 (convergence after 2)
4, 94.0238671303,  99.990874052,  100.691516876,  103.181617022,  [*] transfering network_capture.pcap-chunk19 from 192.168.2.112 to 192.168.2.110
4, 107.64449501,  108.679206133,  108.745357037,  109.452450991,  No need to continue balancing
4, 107.778281927,  108.084104061,  108.440819025,  121.584986925, 
4, 105.593185902,  106.368605852,  106.891318083,  115.314678907, 
4, 102.992669106,  105.238312006,  106.814480066,  114.839093924,

8 Nodes
balancing 8 nodes threshold .08
8, 41.6779270172,  47.2805769444,  76.407807827,  80.9166579247,  96.9824719429,  98.1886649132,  106.395145178,  110.584397793,  
8, 61.6383008957,  62.1771879196,  77.8733940125,  96.2315671444,  111.313658953,  112.343123913,  113.591767073,  114.725739956, 
8, 76.7338290215,  77.7274670601,  92.0843288898,  99.0788829327,  101.595250845,  102.256078005,  103.325634956,  111.532642126, 
8, 42.7031209469,  73.0250811577,  94.5864429474,  99.3908860683,  100.332743168,  102.180814028,  102.46566987,  114.43661499,  
8, 85.0744030476,  91.4923348427,  93.0543370247,  97.4300091267,  102.326467991,  103.040751219,  105.216761112,  107.866914988,

balancing 8 nodes threshold .06
8, 41.9061028957,  47.2529110909,  76.8526501656,  81.6810638905,  97.5208718777,  98.7633728981,  107.418498993,  110.825715065,  
8, 59.2735378742,  63.312732935,  88.9237368107,  94.0760989189,  104.776339054,  105.6744349,  105.710751057,  106.774413109,  
8, 67.7515039444,  75.1698122025,  75.6160268784,  88.5327711105,  89.6761188507,  98.2264580727,  110.754189014,  129.593827963,  
8, 89.6924808025,  97.2492229939,  98.6541669369,  99.3409969807,  100.138571978,  101.78472805,  109.995290995,  122.971904993,  
8, 64.133493185,  64.474091053,  70.3250319958,  101.683980942,  102.739577055,  104.493631124,  113.195182085,  118.269742012,  

balancing 8 nodes threshold .04
8, 42.9241738319,  48.6088340282,  78.3611309528,  84.5026772022,  100.589296103,  101.770598888,  110.197505951,  113.934216976,  
8, 64.1141319275,  87.2199029922,  89.8169050217,  93.4178431034,  100.017444134,  109.662581921,  112.737378836,  115.018482924,  
8, 44.3294680119,  78.8118989468,  86.3345489502,  88.1286129951,  94.562693119,  97.4177000523,  105.932404041,  119.212584972,  
8, 64.2988908291,  86.622824192,  92.120071888,  92.2702980042,  96.9953451157,  98.2976779938,  101.46154213,  126.602710009,  
8, 75.5245981216,  89.5201640129,  95.7497360706,  96.0001518726,  97.5409538746,  99.8456630707,  102.307822943,  121.54906702,

balancing 8 nodes threshold .02
8, 42.6090238094,  47.9858169556,  78.1951189041,  84.5892760754,  101.223875046,  102.436704159,  111.570573092,  115.049792051,  
8, 62.9689850807,  65.2199389935,  89.3071758747,  99.8249559402,  101.783555031,  112.9495399,  118.046825886,  118.921913147,  
8, 55.0028631687,  84.9463188648,  94.3800940514,  97.9623031616,  99.454128027,  100.326464891,  101.053354979,  114.324126005, 
8, 68.1323261261,  86.6507771015,  95.6281869411,  99.1400129795,  100.754693031,  101.650956154,  107.686218977,  117.489274025, 
8, 86.3393318653,  96.9497461319,  99.317456007,  101.056856871,  101.5848279,  105.087319851,  106.093790054,  108.525835037,  
