8, 46.4941830635,  62.8836460114,  63.7110650539,  85.7353289127,  90.3230371475,  96.0556330681,  114.839592934,  122.332233191, 
8, 44.9191918373,  61.0989849567,  71.7914581299,  82.9302861691,  87.2816090584,  93.2016019821,  111.67306304,  116.891656876, 
8, 43.56376791,  59.1926760674,  78.5525379181,  84.594012022,  90.8629698753,  97.4162540436,  110.045278072,  115.468564034, 
8, 43.3982799053,  59.0227379799,  77.9999639988,  83.9170119762,  89.9169540405,  96.6992540359,  109.400243998,  114.859112978, 
8, 43.7204148769,  59.5146028996,  79.4560060501,  85.506770134,  91.5686562061,  98.2154800892,  110.564614058,  116.204270124, 
8, 42.8911550045,  58.0320630074,  76.7619838715,  82.5558960438,  88.4463229179,  95.0941739082,  107.352005959,  112.916059017, 
8, 43.7403039932,  59.1472320557,  77.820016861,  83.6792240143,  89.6671869755,  96.3706521988,  108.732362986,  114.557304144, 
8, 44.5221269131,  60.1195521355,  81.1601238251,  86.5620360374,  92.6152710915,  98.9568891525,  111.427248955,  116.936635017, 
8, 42.3859419823,  57.3657341003,  74.45028615,  79.6575298309,  85.7812459469,  92.523900032,  104.529425859,  110.085994005, 
8, 42.3689188957,  57.3726620674,  74.8435339928,  80.4333839417,  86.309333086,  93.0460560322,  105.212493181,  110.325442076, 

1 Node
1, 338.597863197, 
1, 336.563160896, 
1, 331.436808109, 
1, 335.170929909, 
1, 338.192754984, 
1, 333.092633963, 
1, 325.884153843, 
1, 326.305043936, 
1, 326.454574108, 
1, 326.258960009, 

1, 344.561684847, 
1, 341.021060944, 
1, 341.264356852, 
1, 339.192745209, 
1, 331.433881998, 
1, 326.142173052, 
1, 325.939145088, 
1, 335.00799799, 
1, 326.65072608, 
1, 327.37628293, 


2 Nodes
2, 151.042462111,  187.702935934, 
2, 150.518465996,  186.982709169, 
2, 151.22031188,  187.906308889, 
2, 150.503535986,  187.139579058, 
2, 150.871500015,  186.864812136, 
2, 150.628768921,  186.777500868, 
2, 149.962141037,  186.29608202, 
2, 150.394478083,  186.276274204, 
2, 150.663923979,  186.096894979, 
2, 149.589872122,  185.844110966, 

4 Nodes
4, 74.2516129017,  90.6339159012,  103.030911922,  123.280390978, 
4, 71.6196799278,  88.6938970089,  97.365170002,  121.291233063, 
4, 70.6627941132,  91.3835389614,  94.1869750023,  122.36772418, 
4, 70.9472239017,  92.0799629688,  94.9516119957,  124.114549875, 
4, 70.6776840687,  92.6978647709,  95.6072309017,  124.606868029, 
4, 70.3409430981,  89.530477047,  92.4225459099,  120.787804127, 
4, 69.8301279545,  87.9113919735,  91.0442359447,  119.683707952, 
4, 69.9093279839,  88.5945949554,  91.2434568405,  119.677175999, 
4, 70.095252037,  87.3473908901,  90.5127961636,  118.72980094, 
4, 70.5348761082,  84.323786974,  92.9288420677,  120.935408115, 


after balancing 4 nodes, .10
4, 71.0608329773,  86.5683400631,  95.109236002,  118.013263941,
4, 85.5448188782,  95.4116909504,  95.8848369122,  96.8193280697, 
4, 86.5251131058,  95.0264649391,  95.9422152042,  96.7550439835, 
4, 86.931442976,  94.7261819839,  96.2039678097,  96.3806209564, 
4, 89.2342989445,  92.4258768559,  93.3871068954,  98.2359058857, 
4, 88.6705210209,  94.7680521011,  95.9547100067,  97.3107318878, 
4, 86.7732038498,  94.5964519978,  95.8026549816,  96.4306151867, 
4, 91.0049262047,  93.7181539536,  93.9201540947,  99.6944510937, 
4, 90.3989520073,  93.9672148228,  94.026499033,  99.5731670856, 
4, 91.3081588745,  94.1040029526,  94.4685637951,  100.078366995, 


after balancing 8 nodes, .10
8, 37.8048028946,  43.0936470032,  44.400097847,  71.4264581203,  88.6649940014,  98.0134940147,  101.695574999,  106.942098856,  [*] transfering network_capture.pcap-chunk from 192.168.2.110 to 192.168.2.117

8, 43.8981630802,  60.5154919624,  76.8853960037,  81.2042798996,  84.6224739552,  97.6669239998,  100.696039915,  109.49376893,  [*] transfering network_capture.pcap-chunk12 from 192.168.2.114 to 192.168.2.113

8, 57.2617928982,  61.4065058231,  77.6137850285,  85.0807118416,  88.1149709225,  100.850244045,  101.817006111,  104.246377945,  [*] transfering network_capture.pcap-chunk18 from 192.168.2.112 to 192.168.2.113

8, 61.4316020012,  64.3296570778,  77.7558019161,  86.1895260811,  88.9890389442,  98.5778369904,  101.871403933,  102.592340946,  [*] transfering network_capture.pcap-chunk2 from 192.168.2.114 to 192.168.2.116

8, 56.8287630081,  64.4026589394,  79.1722609997,  87.1694588661,  90.175360918,  94.3469781876,  99.8196649551,  102.995892048,  [*] transfering network_capture.pcap-chunk1 from 192.168.2.111 to 192.168.2.114

8, 44.3615789413,  65.2626159191,  79.3360159397,  81.0731070042,  89.0569171906,  95.384250164,  97.5091500282,  103.838833094,  [*] transfering network_capture.pcap-chunk1 from 192.168.2.114 to 192.168.2.111

8, 62.5549929142,  69.1753060818,  74.2219691277,  82.8159179688,  90.1814870834,  91.3369591236,  97.6610720158,  103.633243084, 

8, 57.1683380604,  64.370486021,  78.7467780113,  87.944633007,  90.9741101265,  94.2870619297,  100.21933198,  103.749864817,  [*] transfering network_capture.pcap-chunk1 from 192.168.2.111 to 192.168.2.114

8, 44.695306778,  65.6935369968,  80.0020470619,  86.6046299934,  90.74584198,  95.1465809345,  100.014923096,  105.79145813,  [*] transfering network_capture.pcap-chunk1 from 192.168.2.114 to 192.168.2.111

8, 59.5194909573,  65.4336259365,  79.5176820755,  90.5657289028,  93.21707201,  95.1480920315,  102.891268015,  106.049102068,  [*] transfering network_capture.pcap-chunk8 from 192.168.2.111 to 192.168.2.114



2 Nodes
2, 150.276288986,  187.405934095, 
2, 149.978351831,  187.759072065, 
2, 150.818754911,  187.891047955, 
2, 149.892057896,  188.094471216, 
2, 150.106477022,  187.405430794, 
2, 150.682995081,  187.839892864, 
2, 150.73517704,  187.601561069, 
2, 150.321648836,  187.538015842, 
2, 150.432502031,  187.329517841, 
2, 150.38104105,  186.92542696, 
